+16106156244

+212698856077

+212697829509

+212697278922

+212697104844

+212696304347

+212696286150

+212695396973

+212695343697

+212695175035

+212694817042

+212694700494

+212693641432

+212691282679

+212690959193

+212690444161

+212690179997

+212690030014

+212689855651

+212688159840

+212687988115

+212687879805

+212687574094

+212684475000

+212682711300

+212680795310

+212679948886

+212679886659

+212679717597

+212679107475

+212678627503

+212678472240

+212678424757

+212678094160

+212677954965

+212677930923

+212677898887

+212677882020

+212677698971

+212677338944

+212676764853

+212676654459

+212676606928

+212676566712

+212676033280

+212675813780

+212675377877

+212674798395

+212673821832

+212673260177

+212673042069

+212672943359

+212672921434

+212672665612

+212672545842

+212672189636

+212671493395

+212671292020

+212671277606

+212671190169

+212671156943

+212671099085

+212671077070

+212670687875

+212670587391

+212670495723

+212670494597

+212670465125

+212670255501

+212669712453

+212668941632

+212668840983

+212668280033

+212668238473

+212668213417

+212668165696

+212668096520

+212668085515

+212667807888

+212667541791

+212667244218

+212667220930

+212666666666

+212666563385

+212666496963

+212666479201

+212666451019

+212666441271

+212666363498

+212666327457

+212666322399

+212666237820

+212666234283

+212666048710

+212665013601

+212664546062

+212664111266

+212664061144

+212664036296

+212663717307

+212663205807

+212663151092

+212663147961

+212663006558

+212662547352

+212662437999

+212662389981

+212662322722

+212661997602

+212661923681

+212661829808

+212661806667

+212661705167

+212661685885

+212661633662

+212661629439

+212661545667

+212661183530

+212661053908

+212660899785

+212660875180

+212660676792

+212660288022

+212660017582

+212659545467

+212659516909

+212659393272

+212659268316

+212658836721

+212658815627

+212658564579

+212658545301

+212658347942

+212658301277

+212656697486

+212655669779

+212655156962

+212654376831

+212653134942

+212652937539

+212652580043

+212652235165

+212652146363

+212651498564

+212650840930

+212650821447

+212650722872

+212650367860

+212650342287

+212650060865

+212649388440

+212649118973

+212649029666

+212648796533

+212648371277

+212648269989

+212648192324

+212645957184

+212645954212

+212645507218

+212645331602

+212644886965

+212644767048

+212644376062

+212644224837

+212643634815

+212643601878

+212643574225

+212642923828

+212642453351

+212641914585

+212641665407

+212641387179

+212641299158

+212639706086

+212639520595

+212639506058

+212639378903

+212638774106

+212638567159

+212638345165

+212638270411

+212637608181

+212637245427

+212637065819

+212636916864

+212636304558

+212636214329

+212636038887

+212635178447

+212635010762

+212634828524

+212634685834

+212634644346

+212634479916

+212634309278

+212634227608

+212633787557

+212633558600

+212633409606

+212633398420

+212633375507

+212633364806

+212633120396

+212633063890

+212631990157

+212631849114

+212631490002

+212631384893

+212630901361

+212630643720

+212629888177

+212629794131

+212629665632

+212628274717

+212628239146

+212627723439

+212627426654

+212627077317

+212626986003

+212626449624

+212625815798

+212625617367

+212625509775

+212625068811

+212624748639

+212623997473

+212623591836

+212623197454

+212622428334

+212622420545

+212622324759

+212622085075

+212621655377

+212620921832

+212620486253

+212620482027

+212620476907

+212619257437

+212618835360

+212618813007

+212618219633

+212617726299

+212617581833

+212617109278

+212615623883

+212615578269

+212614490718

+212614425586

+212612641597

+212611875527

+212611441745

+212611264720

+212610288836

+212610274314

+212608642799

+212607382443

+212607295337

+212607259703

+212606811429

+212606573053

+212606482495

+212606423068

+212606405665

+212606321349

+212606019358

+212605885842

+212605866399

+212604767256

+212604686958

+212604195595

+212604107539

+212603721204

+212603693766

+212603554399

+212603248635

+212603125403

+212602934408

+212602092291

+212602048893

+212601290668

+212601026282

+212600617606

+212600159969

+201289594956

+201288256188

+201280792093

+201275527796

+201228467232

+201152874932

+201151722439

+201141078928

+201121095288

+201118140334

+201110308448

+201100165606

+201097617976

+201065233752

+201016536668

+201010508580

+201009913149

+201007123504

+201005282420

+201004883339

+201004545434